/*-------------------------------------------------------------------*
 *                         dec_ace_fx.tab
 *-------------------------------------------------------------------*
 *-------------------------------------------------------------------*/
#include "typedef.h"
#include "cnst.h"


static Word16 Ovelap_wind[63] = 
{
    512,
    1024,
    1536,
    2048,
    2560,
    3072,
    3584,
    4096,
    4608,
    5120,
    5632,
    6144,
    6656,
    7168,
    7680,
    8192,
    8704,
    9216,
    9728,
    10240,
    10752,
    11264,
    11776,
    12288,
    12800,
    13312,
    13824,
    14336,
    14848,
    15360,
    15872,
    16384,
    16896,
    17408,
    17920,
    18432,
    18944,
    19456,
    19968,
    20480,
    20992,
    21504,
    22016,
    22528,
    23040,
    23552,
    24064,
    24576,
    25088,
    25600,
    26112,
    26624,
    27136,
    27648,
    28160,
    28672,
    29184,
    29696,
    30208,
    30720,
    31232,
    31744,
    32256
};
static Word16 Cos_wind[L_OVLP] = 
{
    32767,32762,32753,32738,32718,32693,32664,32629,32590,32546,
    32496,32442,32383,32319,32251,32177,32099,32015,31927,31834,
    31737,31634,31527,31415,31298,31177,31050,30920,30784,30644,
    30499,30350,30196,30038,29875,29707,29535,29359,29178,28993,
    28803,28610,28411,28209,28002,27791,27576,27357,27133,26906,
    26674,26439,26199,25956,25708,25457,25202,24943,24680,24414,
    24144,23870,23593,23312,23028,22740,22449,22154,21856,21555,
    21251,20943,20632,20318,20001,19681,19358,19032,18703,18372,
    18037,17700,17361,17018,16673,16326,15976,15624,15269,14912,
    14553,14192,13828,13463,13095,12725,12354,11980,11605,11228,
    10850,10469,10088,9704,9319,8933,8546,8157,7767,7376,
    6983,6590,6195,5800,5404,5007,4609,4211,3812,3412,
    3012,2611,2210,1809,1407,1005,603,201
};